9.278329999999999781e-04 49.033603440345 8.3950031909457 112.39192962646 4 5
1.018698757473144589e-01 49.033614666805 8.3950012353532 112.38573455811 4 5
2.126705267404785105e-01 49.033627043997 8.3949990542544 112.38383483887 4 5
3.135744225151366749e-01 49.033638319637 8.3949970844324 112.3776550293 4 5
4.245093031683349061e-01 49.033650759944 8.3949949121694 112.37292480469 4 5
5.255710320423583326e-01 49.033662090347 8.3949929385945 112.3643951416 4 5
6.265290488344725794e-01 49.033673449711 8.3949909747793 112.3549118042 4 5
7.373556874527587013e-01 49.033685974675 8.3949887948325 112.34474182129 4 5
8.382066543028563466e-01 49.033697380421 8.3949867942119 112.33343505859 4 5
9.491265145855711793e-01 49.033709966122 8.3949845986392 112.31547546387 4 5
1.050037324499023317e+00 49.033721435556 8.3949825679804 112.30035400391 4 5
1.151346055020995962e+00 49.033732928556 8.3949805044288 112.29234313965 4 5
1.261879915624145365e+00 49.033745605643 8.3949782363925 112.28737640381 4 5
1.362832687207519378e+00 49.033757163107 8.3949762037667 112.28289031982 4 5
1.473786641347045734e+00 49.033769903787 8.3949739950503 112.27631378174 4 5
1.574676470425536934e+00 49.033781502442 8.3949719978592 112.26400756836 4 5
1.685808284825073056e+00 49.033794303089 8.3949697278504 112.2576751709 4 5
1.786530028805297654e+00 49.033805969292 8.3949676332267 112.25710296631 4 5
1.887473978901244909e+00 49.033817671041 8.3949655116043 112.25494384766 4 5
1.998388832393798609e+00 49.03383059271 8.394963219598 112.25597381592 4 5
2.099303695423095473e+00 49.033842350716 8.3949611881538 112.24784088135 4 5
2.210299372813964602e+00 49.033855317302 8.3949589787791 112.24207305908 4 5
2.311210182727416740e+00 49.033867123696 8.3949569467698 112.23480987549 4 5
2.422220165233031963e+00 49.033880149255 8.3949546933132 112.23049163818 4 5
2.523006997485351288e+00 49.033892014022 8.3949526209778 112.22716522217 4 5
2.624126662074096394e+00 49.033903901562 8.3949505613099 112.22378540039 4 5
2.734941618182006540e+00 49.033917016141 8.394948304943 112.22598266602 4 5
2.835779472010253599e+00 49.033928969673 8.3949462431037 112.23188781738 4 5
2.946710299547607104e+00 49.03394214481 8.3949439953252 112.2303237915 4 5
3.047779180979003577e+00 49.033954130932 8.3949419463236 112.22511291504 4 5
3.148691898241088527e+00 49.033966142238 8.3949398963802 112.21570587158 4 5
3.259462746911864883e+00 49.033979385897 8.3949375972163 112.21422576904 4 5
3.360402643891967411e+00 49.033991453345 8.3949355261443 112.20943450928 4 5
3.471335378777953729e+00 49.034004752858 8.3949332630791 112.20418548584 4 5
3.572258348038940046e+00 49.034016871179 8.3949312023767 112.19664764404 4 5
3.683298132866942964e+00 49.034030233056 8.394928915196 112.19087219238 4 5
3.784116913208861899e+00 49.034042406543 8.3949267930577 112.18634796143 4 5
3.885098771858886302e+00 49.034054601284 8.3949246541096 112.17986297607 4 5
3.995977624145995666e+00 49.034068037305 8.3949222768137 112.1713104248 4 5
4.096899401314086475e+00 49.034080273119 8.3949201034923 112.16324615479 4 5
4.208009281204345697e+00 49.034093743337 8.3949176753532 112.15732574463 4 5
4.308756059135376404e+00 49.034105989392 8.3949154701925 112.14949798584 4 5
4.409659001235718634e+00 49.034118231323 8.3949132634689 112.14195251465 4 5
4.520612716956666333e+00 49.03413169148 8.3949108432878 112.13154602051 4 5
4.621503499709474383e+00 49.034143918843 8.3949086344149 112.12410736084 4 5
4.732531363608522668e+00 49.034157355867 8.3949062063255 112.11653900146 4 5
4.833363256972292632e+00 49.034169548969 8.3949039905041 112.11157226562 4 5
4.934260000189578221e+00 49.034181720657 8.3949018139746 112.10334014893 4 5
5.045172946333499553e+00 49.034195085697 8.3948994161578 112.0954284668 4 5
5.146213694372562486e+00 49.034207215192 8.394897241736 112.0873336792 4 5
5.257250618177616630e+00 49.034220536768 8.3948947959835 112.08553314209 4 5
5.358008363363286009e+00 49.034232625478 8.3948926000571 112.07975006104 4 4
5.468915349042729801e+00 49.034245889048 8.3948901838816 112.07094573975 4 4
5.570018085912359140e+00 49.034257924222 8.3948880126229 112.05934906006 4 4
5.671005905026861527e+00 49.034269938695 8.394885863026 112.04737091064 4 4
5.781730738911871725e+00 49.03428313086 8.3948834697816 112.04204559326 4 4
5.882634634686530362e+00 49.034295109331 8.3948813496032 112.03513336182 4 4
5.993566415898200717e+00 49.034308255023 8.3948790550777 112.02725982666 4 4
6.094477225811653298e+00 49.034320178675 8.3948769974852 112.01753234863 4 4
6.195579009006966231e+00 49.034332075473 8.3948749187658 112.01169586182 4 4
6.306398018230721547e+00 49.03434514719 8.3948726369263 112.00413513184 4 4
6.407244693546395808e+00 49.034357020658 8.3948705034177 111.9976272583 4 4
6.518178620525278077e+00 49.034370039847 8.3948681169134 111.99040985107 4 4
6.619075363742563667e+00 49.034381884346 8.3948658608905 111.98764801025 4 4
6.720123264338999647e+00 49.034393700131 8.3948636671359 111.9817199707 4 4
6.830959201281871174e+00 49.034406651166 8.3948611941627 111.97536468506 4 4
6.931862858637950708e+00 49.034418380409 8.3948589573611 111.96668243408 4 4
7.042800838732677704e+00 49.034431244407 8.3948564432955 111.95729064941 4 4
7.143740497294201575e+00 49.0344429063 8.3948541641887 111.94860839844 4 4
7.254693497759411969e+00 49.034455682678 8.3948515814052 111.94139099121 4 4
7.355573313257581347e+00 49.034467271941 8.3948492591398 111.93457794189 4 4
7.456522031725111077e+00 49.034478845341 8.3948469598023 111.92766571045 4 4
7.567480992654799010e+00 49.03449155117 8.39484442044 111.92183685303 4 4
7.668569662828261357e+00 49.034503076791 8.3948422135437 111.9143447876 4 4
7.779357677636733470e+00 49.034515726422 8.3948397063738 111.91007232666 4 4
7.880276355363296403e+00 49.034527205357 8.3948374574877 111.90201568604 4 4
7.981101334588272422e+00 49.034538666504 8.394835195112 111.89401245117 4 4
8.092224089081803129e+00 49.034551284703 8.3948328265121 111.88325500488 4 4
8.193076009606217625e+00 49.034562788746 8.3948305393286 111.88428497314 4 4
8.303933642639787394e+00 49.034575393498 8.3948280541903 111.88408660889 4 5
8.404845644646135483e+00 49.034586837034 8.394825718086 111.88482666016 4 5
8.505751447769426932e+00 49.034598242023 8.3948234265061 111.88107299805 4 5
8.616677268516619748e+00 49.034610762722 8.3948209610403 111.87522888184 4 5
8.717820059707538149e+00 49.034622141345 8.3948188576789 111.8660736084 4 5
8.828545847266864754e+00 49.034634671614 8.394816560433 111.85906219482 4 5
8.929463809737690383e+00 49.034646080639 8.3948145015391 111.85396575928 4 5
9.040394637275044332e+00 49.034658647749 8.3948122841757 111.8469543457 4 5
9.141344309416890468e+00 49.034670083161 8.394810292406 111.83578491211 4 5
9.242279199606832307e+00 49.034681594797 8.3948082310056 111.82823944092 4 5
9.353162105009786842e+00 49.034694442713 8.3948057838105 111.83507537842 4 6
9.454157791937399580e+00 49.034706070505 8.3948036351081 111.83613586426 4 6
9.565023769621237903e+00 49.034718881668 8.3948012961044 111.83783721924 4 6
9.665958659811179743e+00 49.034730490815 8.3947992326967 111.83580780029 4 6
9.767144366346336426e+00 49.034742137966 8.3947970862707 111.84831237793 4 6
9.877817224981102484e+00 49.034754898983 8.3947948233009 111.85491943359 4 6
9.978728034894555066e+00 49.034766527845 8.3947927356347 111.86452484131 4 6
1.008983481534328597e+01 49.03477927274 8.3947905494746 111.86408233643 4 6
1.019075873827858914e+01 49.034790880357 8.3947885578134 111.86598968506 4 6
1.029165357414724191e+01 49.034802461557 8.3947865324939 111.87488555908 4 6
1.040239628942568473e+01 49.034815200078 8.3947842859544 111.8836517334 4 6
1.050348734378493809e+01 49.034826770231 8.3947822871284 111.88481903076 4 6
1.061438407746548052e+01 49.034839504106 8.3947800632753 111.88787078857 4 6
1.071527390654397216e+01 49.034851070552 8.3947780449166 111.88843536377 4 6
1.082616968655019818e+01 49.034863795303 8.3947757873905 111.89469909668 4 5
1.092705355516421228e+01 49.034875353938 8.3947737405223 111.89426422119 4 5
1.102803732116286994e+01 49.034886910155 8.3947716734054 111.89248657227 4 5
1.113891521977566335e+01 49.034899618455 8.3947693859598 111.89170074463 4 5
1.124006397143105929e+01 49.034911159414 8.3947672987227 111.89630126953 4 5
1.135078880531606949e+01 49.034923865433 8.3947649879495 111.91149139404 4 4
1.145166981290713437e+01 49.034935413292 8.3947629317031 111.91441345215 4 4
1.155261567035171488e+01 49.034946951734 8.3947608272443 111.91535949707 4 4
1.166355841881802391e+01 49.034959637939 8.394758464806 111.91110992432 4 4
1.176456626509317083e+01 49.034971171014 8.3947562559711 111.91737365723 4 4
1.187544106426443591e+01 49.034983859958 8.3947539376549 111.92091369629 4 4
1.197632183343692169e+01 49.034995400653 8.3947519048578 111.92770385742 4 4
1.207723574279190260e+01 49.035006957317 8.3947499323085 111.93087768555 4 4
1.218814654316861201e+01 49.035019664079 8.3947478222392 111.92860412598 4 4
1.228919349009073159e+01 49.035031225608 8.3947458967972 111.92467498779 4 4
1.240001226089590780e+01 49.035043952773 8.3947437573683 111.9224395752 4 5
1.250095597257327640e+01 49.035055532831 8.3947417625942 111.91754150391 4 5
1.261189586001663621e+01 49.035068283481 8.3947396499529 111.91253662109 4 5
1.271300479576932219e+01 49.035079903433 8.394737735477 111.9068145752 4 5
1.281392561926309703e+01 49.035091547051 8.3947358265062 111.90504455566 4 5
1.292467644077322930e+01 49.03510437323 8.3947337530317 111.9027557373 4 5
1.302559917161563696e+01 49.035116051482 8.3947318253267 111.89649963379 4 5
1.313666399039444599e+01 49.035128916851 8.3947296808479 111.89157867432 4 5
1.323748682385221009e+01 49.035140621949 8.3947280441958 111.87893676758 4 5
1.333838475916239119e+01 49.035152370786 8.3947263421182 111.878074646 4 5
1.344932750762870022e+01 49.035165348561 8.394724246259 111.87739562988 4 5
1.355018848805912057e+01 49.035177173654 8.3947224294087 111.87390136719 4 5
1.366116914507950675e+01 49.035190162925 8.3947203964109 111.85237884521 4 5
1.376223611916227085e+01 49.035201980981 8.394718574866 111.83447265625 4 5
1.387299480848551347e+01 49.035215013722 8.3947164274371 111.81929016113 4 5
1.397394376537162231e+01 49.035226871657 8.3947144399645 111.8073348999 4 5
1.407481857407963055e+01 49.035238768477 8.3947123445958 111.80303955078 4 5
1.418573342757218470e+01 49.035251886285 8.3947100282238 111.80163574219 4 5
1.428673030659269294e+01 49.03526384338 8.3947080071298 111.7995300293 4 5
1.439760510576395802e+01 49.035277025446 8.3947057775024 111.80052185059 4 5
1.449854285697684908e+01 49.035289036429 8.3947036662714 111.80291748047 4 5
1.459951470204655166e+01 49.035301076232 8.3947015704695 111.80390167236 4 5
1.471042264140031186e+01 49.035314350307 8.3946992787935 111.8056640625 4 5
1.481152537826994120e+01 49.035326444972 8.3946971615094 111.80867004395 4 5
1.492223113866862327e+01 49.035339787547 8.3946948336507 111.81552886963 4 5
1.502319702327384832e+01 49.035351953485 8.3946927064762 111.82039642334 4 5
1.513412093667240832e+01 49.03536536016 8.3946903128014 111.83346557617 4 5
1.523511161680985992e+01 49.035377566532 8.3946881326617 111.83448791504 4 5
1.533600454532987989e+01 49.035389786029 8.3946858568408 111.84925842285 4 5
1.544687028459513911e+01 49.035403277088 8.394683331014 111.86171722412 4 5
1.554780827422660927e+01 49.035415568667 8.3946810278367 111.87574768066 4 5
1.565885306584477377e+01 49.035429122834 8.394678613214 111.87380981445 4 5
1.575990978792863650e+01 49.035441465651 8.3946764881291 111.86936950684 4 5
1.586064464493071213e+01 49.035453852622 8.3946743640804 111.866065979 4 5
1.597148654233806120e+01 49.035467509601 8.3946719861879 111.85946655273 4 5
1.607240736583183605e+01 49.035480000448 8.3946697990306 111.85262298584 4 5
1.618330910630253783e+01 49.0354937764 8.3946673349093 111.85796356201 4 5
1.628449815069780016e+01 49.035506317095 8.39466508493 111.86219024658 4 5
1.638519486072721776e+01 49.03551887577 8.3946628290239 111.86915588379 4 5
1.649611472100993126e+01 49.035532767273 8.3946604019887 111.87003326416 4 5
1.659707559882499339e+01 49.035545416643 8.3946582042653 111.8675994873 4 5
1.670796947148258482e+01 49.035559363157 8.3946557085892 111.86892700195 4 5
1.680910511011612840e+01 49.035572049904 8.3946534092416 111.87083435059 4 5
1.691984806381314854e+01 49.035586037039 8.3946509050346 111.87425231934 4 5
1.702075887372659935e+01 49.035598768111 8.3946486350164 111.87287902832 4 5
1.712164083499197886e+01 49.035611530996 8.3946463803321 111.87159729004 4 5
1.723259645806155760e+01 49.035625583829 8.3946439055172 111.86819458008 4 5
1.733356734945694200e+01 49.035638368915 8.3946416644502 111.86979675293 4 5
1.744451725048062229e+01 49.035652435742 8.3946391848091 111.86623382568 4 5
1.754536607156350669e+01 49.035665232737 8.3946369561562 111.86113739014 4 5
1.764633696295889109e+01 49.035678064791 8.3946347175347 111.85840606689 4 5
1.775743182247866514e+01 49.035692202381 8.394632249289 111.8575592041 4 5
1.785837553415603196e+01 49.035705073402 8.3946299693293 111.85981750488 4 5
1.796906245948696323e+01 49.03571924822 8.3946274646188 111.86206054688 4 5
1.807000521749001365e+01 49.035732163468 8.3946251693507 111.86540222168 4 5
1.817098898348866953e+01 49.035745102985 8.3946228802923 111.86991882324 4 5
1.828207597519533323e+01 49.035759370887 8.3946203835203 111.86981201172 4 5
1.838282871359083970e+01 49.035772355754 8.394618108388 111.86953735352 4 5
1.849374046764186375e+01 49.035786667129 8.3946156266995 111.86785888672 4 5
1.859460931588539268e+01 49.035799698848 8.394613383458 111.86459350586 4 5
1.869554420607533274e+01 49.035812757708 8.3946111564822 111.86254119873 4 5
1.880670296177430600e+01 49.03582713325 8.3946086993764 111.85870361328 4 5
1.890743185831190232e+01 49.035840215735 8.3946064481845 111.85726165771 4 5
1.901841060798365390e+01 49.035854639356 8.3946039775317 111.84995269775 4 5
1.911925156125342795e+01 49.035867773743 8.3946017230127 111.84351348877 4 5
1.923019740916126352e+01 49.035882238402 8.3945992442971 111.83490753174 4 5
1.933117426102112546e+01 49.035895415462 8.3945969821404 111.8314743042 4 5
1.943208006414441513e+01 49.035908595543 8.3945947191371 111.82873535156 4 5
1.954297489047632297e+01 49.035923104355 8.3945922442092 111.82549285889 4 5
1.964388474671545737e+01 49.03593629509 8.3945900036632 111.81897735596 4 5
1.975480055388232614e+01 49.035950809468 8.3945875300148 111.81094360352 4 5
1.985586442852356015e+01 49.035964019814 8.3945852401734 111.81186676025 4 5
1.995668726198132248e+01 49.035977245985 8.3945829152195 111.81620788574 4 5
2.006760902961266879e+01 49.035991796836 8.3945804094757 111.82521057129 4 5
2.016854582715124167e+01 49.036005019517 8.3945781302622 111.82875823975 4 5
2.027962375895189950e+01 49.036019575371 8.3945755992216 111.83934020996 4 5
2.038055864914183957e+01 49.036032809398 8.3945732990095 111.84850311279 4 5
2.048130733442150131e+01 49.036046052175 8.394571009025 111.85971832275 4 5
2.059227726260582614e+01 49.036060627024 8.3945684982786 111.86622619629 4 5
2.069313299782750448e+01 49.036073892524 8.3945661780823 111.88609313965 4 5
2.080428579306200021e+01 49.036088482373 8.3945636962289 111.89807891846 4 5
2.090503280941160824e+01 49.036101772043 8.394561428011 111.91703033447 4 5
2.100593145997752487e+01 49.036115075634 8.3945592341142 111.92347717285 4 5
2.111684535979576083e+01 49.036129728422 8.3945568457578 111.93198394775 4 5
2.121780409184361105e+01 49.036143045315 8.3945547164004 111.93283081055 4 5
2.132896308596116342e+01 49.036157697042 8.3945523668973 111.93489074707 4 5
2.142962880157529781e+01 49.036171020803 8.3945502262661 111.93896484375 4 5
2.153057370534556014e+01 49.036184366442 8.394548084252 111.94554138184 4 5
2.164149952609275118e+01 49.036199073765 8.3945456907919 111.95069885254 4 5
2.174241438912204671e+01 49.036212465501 8.3945435218886 111.95243835449 4 5
2.185351115599045357e+01 49.036227236221 8.3945410948043 111.95840454102 4 5
2.195429012042966121e+01 49.036240688148 8.3945388551122 111.96639251709 4 5
2.205518185685678390e+01 49.036254174273 8.3945366000619 111.97564697266 4 5
2.216617276587606966e+01 49.036269068083 8.3945341634561 111.97520446777 4 5
2.226703350788790914e+01 49.036282669916 8.3945319059889 111.97673034668 4 5
2.237802942369735604e+01 49.036297646844 8.3945293709391 111.97770690918 4 5
2.247888730468624630e+01 49.036311313524 8.3945270695032 111.9806137085 4 5
2.257980812818001937e+01 49.036325009439 8.3945248068827 111.97882080078 4 5
2.269070486186056002e+01 49.036340123754 8.3945223346708 111.98160552979 4 5
2.279164261307344930e+01 49.03635390252 8.3945200416502 111.98244476318 4 5
2.290278944784346749e+01 49.036369103517 8.3945174507643 111.9947052002 4 5
2.300356745860835872e+01 49.036382947754 8.394515112536 112.00242614746 4 5
2.310461321343758101e+01 49.036396783068 8.3945126999357 112.01438903809 4 5
2.321537905531819490e+01 49.03641206161 8.3945099144283 112.03021240234 4 5
2.331643077061189473e+01 49.036426010589 8.3945074384124 112.04008483887 4 5
2.342728673471540901e+01 49.036441382878 8.3945047297843 112.05084228516 4 5
2.352814151626277095e+01 49.036455362602 8.3945023035931 112.05284881592 4 5
2.363907139012580672e+01 49.03647075258 8.3944996278955 112.05912017822 4 5
2.374001915491901826e+01 49.036484739871 8.394497220344 112.06312561035 4 5
2.384108708267609700e+01 49.03649871726 8.3944947967517 112.07189941406 4 5
2.395184291097638862e+01 49.036514080744 8.3944921518598 112.07717132568 4 5
2.405277374805048396e+01 49.036528059151 8.3944897385178 112.08760070801 4 5
2.416372841744574629e+01 49.036543420516 8.394487162254 112.0940246582 4 5
2.426461133238544221e+01 49.036557378497 8.3944848508283 112.09900665283 4 5
2.436568927372284321e+01 49.036571305349 8.394482541086 112.09477996826 4 5
2.447648301057721199e+01 49.036586571807 8.3944799657796 112.10344696045 4 5
2.457738285323602412e+01 49.036600426946 8.3944776206731 112.10567474365 4 5
2.468832679379522688e+01 49.036615640388 8.3944750557425 112.11000061035 4 5
2.478924451784747163e+01 49.036629466637 8.3944727214772 112.11755371094 4 5
2.489056540771697712e+01 49.036643279045 8.3944703661478 112.12801361084 4 5
2.500108019483379707e+01 49.036658472009 8.3944677846232 112.12902069092 4 5
2.510200006465325373e+01 49.036672250803 8.3944654260349 112.12245941162 4 5
2.521293685265508344e+01 49.036687364688 8.3944628223015 112.11155700684 4 5
2.531396472609087311e+01 49.036701101416 8.3944604422309 112.10652923584 4 5
2.541482952121855732e+01 49.036714814672 8.3944580089388 112.10667419434 4 5
2.552576726289470344e+01 49.036729883945 8.394455306206 112.10274505615 4 5
2.562679918944633783e+01 49.036743561438 8.3944527639799 112.1060333252 4 5
2.573757790593022321e+01 49.036758602628 8.3944499825733 112.10743713379 4 5
2.583857573862504609e+01 49.036772260008 8.3944474265937 112.11335754395 4 5
2.593949870788603107e+01 49.036785908828 8.3944448945109 112.11999511719 4 5
2.605033655217753363e+01 49.03680090995 8.3944421034398 112.12734985352 4 5
2.615128837008658991e+01 49.036814535557 8.394439559375 112.13317108154 4 5
2.626221729027530927e+01 49.036829523315 8.3944367502184 112.13790130615 4 5
2.636330691412308624e+01 49.036843158665 8.3944342187277 112.14340209961 4 5
2.646406394405301654e+01 49.036856810864 8.3944316914834 112.15213775635 4 5
2.657500979196085211e+01 49.036871853684 8.3944288548602 112.16260528564 4 5
2.667591440299124628e+01 49.036885535219 8.3944263044706 112.16455841064 4 5
2.678683140225101056e+01 49.036900603487 8.3944234015094 112.1734085083 4 5
2.688800423418289398e+01 49.036914302556 8.394420792341 112.17943572998 4 5
2.699870403411709674e+01 49.036929369303 8.3944178826547 112.19110107422 4 5
2.709961675137918036e+01 49.036943086967 8.3944152875338 112.19657897949 4 5
2.720051969347952081e+01 49.036956812471 8.3944126875756 112.20320892334 4 5
2.731145362045840130e+01 49.036971945602 8.394409883651 112.20555114746 4 5
2.741256327146682281e+01 49.036985730651 8.3944073688597 112.20839691162 4 5
2.752330908618679217e+01 49.037000915924 8.394404602452 112.2102355957 4 5
2.762422394921608770e+01 49.037014735777 8.3944020687294 112.21503448486 4 5
2.772518387335683343e+01 49.037028572766 8.3943995461515 112.21855926514 4 5
2.783607464657289654e+01 49.037043810294 8.3943967708794 112.22242736816 4 5
2.793709655954420867e+01 49.0370576755 8.3943942551404 112.2279586792 4 5
2.804797326606410479e+01 49.037072932104 8.3943915166765 112.23125457764 4 5
2.814901019940590032e+01 49.037086827918 8.3943890343437 112.2321395874 4 5
2.824993102289967339e+01 49.037100740829 8.3943865555982 112.23015594482 4 5
2.836078984802613689e+01 49.037116087382 8.3943838673067 112.23348999023 4 5
2.846172759923902618e+01 49.037130060981 8.3943814109253 112.2403793335 4 5
2.857255542995020647e+01 49.037145420947 8.3943787115802 112.24688720703 4 5
2.867349938004615240e+01 49.037159404354 8.3943762605705 112.2497253418 4 5
2.878441924032886590e+01 49.037174803886 8.3943735784832 112.25521850586 4 5
2.888553199077881573e+01 49.037188816794 8.394371142888 112.26050567627 4 5
2.898624777429456145e+01 49.037202816704 8.3943687023731 112.27185058594 4 5
2.909721364936304155e+01 49.03721820562 8.3943660426521 112.27416229248 4 5
2.919811659146338201e+01 49.037232180313 8.3943636068354 112.28044128418 4 5
