0.000000000000000000e+00 0.000000000000000000e+00 0.000000000000000000e+00 0.000000000000000000e+00 0.000000000000000000e+00 0.000000000000000000e+00 0.000000000000000000e+00 1.000000000000000000e+00
1.041283999999999960e-01 -2.322635199999999872e-02 -1.189723799999999922e-02 1.314161896999999968e+00 -6.872746622891153477e-04 1.217782800685407452e-04 6.225226600248802097e-05 9.999997544740920619e-01
2.082536000000000109e-01 -1.729206700000000124e-02 -3.559676600000000191e-02 2.626704215999999814e+00 -7.710857999484362893e-04 -2.054698935660681514e-04 8.946228905446493903e-04 9.999992814290895593e-01
3.125037999999999982e-01 -2.356996600000000122e-02 -5.356831799999999671e-02 3.944782972000000054e+00 -2.867376350136790803e-04 -2.420103309951349146e-04 1.597463651439774658e-03 9.999986536602988307e-01
4.166248000000000173e-01 -3.214241200000000215e-02 -7.471648599999999862e-02 5.260172367000000015e+00 -3.611828670884996732e-04 -1.757172963691155942e-04 1.803772843332819738e-03 9.999982925354913288e-01
5.207547999999999622e-01 -3.654792500000000194e-02 -9.387686800000000220e-02 6.586465358999999964e+00 -7.715520496986380018e-04 -2.249380264655043149e-04 1.997180666393618114e-03 9.999976826871671554e-01
6.250035999999999925e-01 -3.481368700000000288e-02 -1.110450850000000017e-01 7.914336680999999984e+00 -1.321426504728275561e-03 -1.069197364483853718e-04 2.712470552208319681e-03 9.999954424414473353e-01
7.291284000000000098e-01 -5.175894899999999854e-02 -1.265610899999999872e-01 9.247913361000000165e+00 -1.495408306042146423e-03 -9.965365250652613582e-05 2.421556826754444908e-03 9.999959449346197404e-01
8.332524000000000042e-01 -6.118302400000000252e-02 -1.487681869999999962e-01 1.057660770400000061e+01 -6.660237083094011114e-04 -2.226962324155534745e-04 1.958849988582156160e-03 9.999978348604215972e-01
9.375056999999999974e-01 -6.363884399999999997e-02 -1.738520560000000048e-01 1.192529201500000013e+01 3.226731275407141472e-04 -4.125294101673393499e-04 7.178062881813883443e-04 9.999996052277576597e-01
1.041630000000000056e+00 -7.800220700000000396e-02 -1.959566179999999991e-01 1.326396751400000085e+01 7.059533474884125510e-04 -2.739264834406007765e-04 -1.071168413907182346e-03 9.999991395958206519e-01
1.145874999999999977e+00 -8.537891499999999967e-02 -2.196851220000000104e-01 1.461098861700000029e+01 7.693223774918431408e-04 -3.844620625922390289e-04 -2.182667537408949487e-03 9.999972481434253879e-01
1.250002999999999975e+00 -9.682004900000000525e-02 -2.392164469999999987e-01 1.596408176399999945e+01 3.781015794434238429e-04 -3.471584487970691413e-04 -2.842445103063045812e-03 9.999958285043210049e-01
1.354254999999999987e+00 -1.042434049999999973e-01 -2.631071810000000233e-01 1.731505584700000000e+01 -9.943829734517085992e-04 -7.723738384146638936e-05 -1.581995501322114566e-03 9.999982512620323449e-01
1.458401000000000058e+00 -1.070069220000000043e-01 -2.829181550000000045e-01 1.866294097899999826e+01 -1.962738053142555356e-03 -1.247030103052049199e-04 5.208658278484653648e-04 9.999979304015002013e-01
1.562526000000000082e+00 -1.070185750000000047e-01 -2.985056340000000197e-01 2.001433372500000019e+01 -7.302179825661956345e-04 -1.957588281887856496e-04 1.671497828765111963e-03 9.999983172761783834e-01
1.666754000000000069e+00 -1.166503730000000016e-01 -3.172274230000000084e-01 2.135982513400000116e+01 2.305130411603666801e-04 -2.465083270312140584e-04 2.135599249177728542e-03 9.999976626538831237e-01
1.771006999999999998e+00 -1.212438420000000044e-01 -3.413916530000000171e-01 2.272700500499999876e+01 1.040715970723024098e-03 1.143193563893918352e-04 8.788493050259900494e-04 9.999990657321895515e-01
1.875129000000000046e+00 -1.309222730000000057e-01 -3.605358300000000016e-01 2.410448074299999988e+01 7.289151353499270498e-05 4.577330874792062687e-04 -4.194088318855334068e-04 9.999998046317208900e-01
1.979376999999999942e+00 -1.392060069999999927e-01 -3.789449040000000268e-01 2.547986984299999946e+01 -1.648251788639632865e-03 6.914635273932434600e-04 -7.067445610601563776e-04 9.999981528264724195e-01
2.083502000000000187e+00 -1.396792829999999874e-01 -3.954435880000000125e-01 2.685360908499999866e+01 -2.632784229697477177e-03 9.791360021473849429e-04 5.057213111440971324e-04 9.999959269846281362e-01
2.187758999999999787e+00 -1.315346360000000103e-01 -4.098994140000000175e-01 2.823372840900000114e+01 -1.690248894061496159e-03 7.315855230386469898e-04 2.496349759460854585e-03 9.999951880280107952e-01
2.291881000000000057e+00 -1.398719700000000121e-01 -4.300934370000000229e-01 2.960443878199999901e+01 -5.728670845315601530e-04 7.271339021269751512e-04 2.531653958080849927e-03 9.999963669073143047e-01
2.396132000000000151e+00 -1.508338300000000021e-01 -4.452529250000000216e-01 3.097840881300000149e+01 8.747664112867689851e-04 1.123850605882825704e-03 2.736902046584937555e-03 9.999952405440383219e-01
2.500256999999999952e+00 -1.570024939999999924e-01 -4.743295909999999949e-01 3.235406875599999665e+01 1.132469429228339167e-03 1.513595003687639995e-03 8.476615658447395410e-04 9.999978540042107067e-01
2.604382999999999893e+00 -1.604969649999999914e-01 -5.017987489999999884e-01 3.372880935700000293e+01 2.118684077466881019e-03 1.578283646159528431e-03 4.413055794425185612e-04 9.999964127175147155e-01
2.708628000000000036e+00 -1.624426389999999998e-01 -5.281460289999999613e-01 3.511330795300000318e+01 1.816205648330007291e-03 1.701474018698134749e-03 5.759192866454612594e-05 9.999969015283876050e-01
2.812756999999999952e+00 -1.729787740000000018e-01 -5.571457739999999825e-01 3.648183059699999831e+01 1.159787193318781570e-03 1.679407762328888332e-03 -1.335490292336525859e-04 9.999979083217578335e-01
2.916881000000000057e+00 -1.713780460000000061e-01 -5.844568610000000497e-01 3.788780593900000326e+01 3.500045150059514641e-04 1.527159239828712600e-03 -7.054550465613580821e-04 9.999985238062474302e-01
3.021005999999999858e+00 -1.887628440000000130e-01 -6.084789630000000393e-01 3.926622772200000355e+01 1.345254910791212732e-04 1.662402560164477627e-03 -2.132179785354715827e-03 9.999963360582790894e-01
3.125255999999999812e+00 -1.885239780000000087e-01 -6.299018259999999980e-01 4.069774246200000078e+01 4.332958983435279210e-04 1.692917759732459615e-03 -3.388358630673994100e-03 9.999927326285491525e-01
3.229379000000000222e+00 -2.035448850000000087e-01 -6.558098199999999878e-01 4.208325195300000132e+01 8.795806138642235368e-05 1.737997968425442075e-03 -4.593692821513855988e-03 9.999879347335661750e-01
3.333502000000000187e+00 -2.008052770000000042e-01 -6.761121150000000135e-01 4.349831771899999922e+01 1.422067078812112764e-04 1.493459684850373392e-03 -4.660879706664677012e-03 9.999880127060435386e-01
3.437628999999999824e+00 -2.166291770000000061e-01 -6.963811519999999478e-01 4.490296936000000017e+01 2.854166573690595024e-04 1.526232364986945811e-03 -4.439107045885776377e-03 9.999889416792245855e-01
3.541754000000000069e+00 -2.136489599999999989e-01 -7.257940769999999819e-01 4.631378555300000244e+01 3.253659532291139009e-04 9.669895162038866232e-04 -3.742672415989961501e-03 9.999924757074215576e-01
3.645880000000000010e+00 -2.219332460000000007e-01 -7.494184369999999928e-01 4.772156143200000145e+01 2.354226915081133271e-04 5.247452074778058417e-04 -3.453609111904734023e-03 9.999938708825797384e-01
3.750007000000000090e+00 -2.252147939999999959e-01 -7.734237910000000271e-01 4.913701248200000293e+01 -3.981603778908360779e-04 -9.101059465721483832e-06 -3.617686892054535006e-03 9.999933768415844026e-01
3.854131000000000196e+00 -2.423296570000000039e-01 -7.894367580000000162e-01 5.053903198199999736e+01 -1.107453301092839541e-04 -4.818703710902649817e-04 -3.844424625063917224e-03 9.999924879396443478e-01
3.958276000000000128e+00 -2.518996299999999855e-01 -8.138549919999999993e-01 5.197238922100000025e+01 -3.494353206922323632e-04 -1.041317396980434573e-03 -3.866276021087169858e-03 9.999919226987606935e-01
4.062382999999999633e+00 -2.631471459999999984e-01 -8.386306169999999671e-01 5.339389801000000091e+01 -8.870352825827825796e-04 -1.692853592018317421e-03 -3.801597365100655313e-03 9.999909475953252525e-01
4.166506000000000043e+00 -2.703783209999999770e-01 -8.587282899999999497e-01 5.483853912400000041e+01 -1.279188810678651925e-03 -1.976736784908061928e-03 -3.194072082714703199e-03 9.999921270146079344e-01
4.270633000000000123e+00 -2.855469580000000174e-01 -8.738568429999999942e-01 5.626741409299999930e+01 -1.252321081287297239e-03 -2.144742606849603384e-03 -2.599438765441723816e-03 9.999935373236991110e-01
4.374755999999999645e+00 -2.931985260000000149e-01 -8.983095880000000477e-01 5.768867111200000153e+01 -9.528117871877396028e-04 -2.469106456327807564e-03 -1.216524148204209616e-03 9.999957578570034533e-01
4.478883999999999865e+00 -3.057637509999999725e-01 -9.229237439999999904e-01 5.911399459799999789e+01 -1.261558424596847345e-03 -2.601840207544947603e-03 -4.905423502054027159e-04 9.999956991237903825e-01
4.583131999999999984e+00 -3.158144949999999729e-01 -9.491058589999999962e-01 6.051640319799999901e+01 -1.594199761610307292e-03 -2.299144592346480387e-03 1.896234955701630958e-04 9.999960682443672644e-01
4.687259000000000064e+00 -3.279653189999999774e-01 -9.698053599999999497e-01 6.193903350800000140e+01 -1.966654490882385059e-03 -2.123237656398657691e-03 7.142926679702714865e-04 9.999955569491058016e-01
4.791383999999999865e+00 -3.354353010000000190e-01 -9.905369280000000387e-01 6.334222793600000045e+01 -1.793769270059460217e-03 -1.812012340248414510e-03 1.562213238164897756e-03 9.999955292364479664e-01
4.895504999999999995e+00 -3.508178000000000130e-01 -1.011844277000000014e+00 6.474916076700000644e+01 -1.507053480193890028e-03 -1.481357886297218762e-03 2.189964160935560424e-03 9.999953692020749907e-01
4.999629999999999797e+00 -3.518629369999999867e-01 -1.036206007000000096e+00 6.614670562700000289e+01 -1.269792653310794842e-03 -1.337389680491796184e-03 2.179270826436766756e-03 9.999959248887592134e-01
5.103758000000000017e+00 -3.662236930000000168e-01 -1.056063651999999964e+00 6.756308746300000223e+01 -1.115011172467318375e-03 -9.086194742181641359e-04 1.518118315285338794e-03 9.999978132363678274e-01
5.207868999999999637e+00 -3.804129359999999793e-01 -1.080192207999999932e+00 6.896691894500000330e+01 -1.728919490992520064e-03 -6.367238454924040170e-04 -2.050066036296486615e-04 9.999982816947394770e-01
5.311997999999999998e+00 -3.884318170000000126e-01 -1.104475498000000000e+00 7.035887908899999843e+01 -2.472071441420967217e-03 -2.543977276292519463e-04 -1.863245781998992606e-03 9.999951762182357484e-01
5.416244999999999976e+00 -4.083252549999999981e-01 -1.127338528999999978e+00 7.174767303500000537e+01 -2.792681951108885209e-03 2.064395029998111752e-04 -3.741532293943969530e-03 9.999890795635443252e-01
5.520243999999999929e+00 -4.261772629999999729e-01 -1.144856690999999982e+00 7.317222595200000512e+01 -2.577879384589802647e-03 4.524551341231752843e-04 -5.978740213475291013e-03 9.999787020170425311e-01
5.624505000000000088e+00 -4.498797359999999745e-01 -1.159835458000000097e+00 7.455068969699999570e+01 -2.121066273401691921e-03 9.313770720215108767e-04 -7.833107148567731645e-03 9.999666374669768931e-01
5.728633000000000308e+00 -4.423036579999999884e-01 -1.188684701999999982e+00 7.597141265899999496e+01 -2.253213155931139966e-03 1.072148419221319315e-03 -8.260121828951461770e-03 9.999627712648165856e-01
5.832639000000000351e+00 -4.476605060000000136e-01 -1.210763097000000066e+00 7.737300872800000207e+01 -2.489243761246553999e-03 1.255143797996072230e-03 -8.436785919031151992e-03 9.999605236822601828e-01
5.936757000000000062e+00 -4.599979820000000275e-01 -1.231320143000000034e+00 7.875880432099999950e+01 -2.239171619740801516e-03 1.369523043181053445e-03 -7.931918013191737241e-03 9.999650969877512674e-01
6.040888999999999953e+00 -4.664350150000000084e-01 -1.252605677000000028e+00 8.014145660399999826e+01 -1.788829021946196406e-03 1.243551623422045616e-03 -7.251695066134788460e-03 9.999713328834771708e-01
6.145012000000000363e+00 -4.691215160000000162e-01 -1.272939800999999926e+00 8.151666259799999636e+01 -1.806135752512258831e-03 1.117067361693813154e-03 -6.997397544422329085e-03 9.999732628734421258e-01
6.249010000000000176e+00 -4.649719299999999778e-01 -1.297941446000000054e+00 8.290786743200000330e+01 -1.857605996185001914e-03 8.927553981423752560e-04 -7.060499032198156930e-03 9.999729504547504311e-01
6.353134999999999977e+00 -4.681294559999999993e-01 -1.318067431000000012e+00 8.428474426299999323e+01 -1.629253962052400629e-03 5.956832721728533286e-04 -6.763981598236466081e-03 9.999756193257436365e-01
6.457259999999999778e+00 -4.884358050000000007e-01 -1.330919026999999977e+00 8.567914581300000521e+01 -1.776644220577339129e-03 3.371005933423543155e-04 -6.800058408988346979e-03 9.999752442456451007e-01
6.561385999999999719e+00 -4.989420469999999996e-01 -1.356383681000000063e+00 8.702915191699999298e+01 -2.125017535509787867e-03 -1.014876497207328754e-05 -6.908866784156198794e-03 9.999738755373736021e-01
6.665511000000000408e+00 -4.980742040000000204e-01 -1.378439307000000058e+00 8.842970275899999422e+01 -2.746579165373564963e-03 -7.037030675876021490e-04 -5.521923134432235938e-03 9.999807345493108013e-01
6.769636000000000209e+00 -5.057356950000000406e-01 -1.391706109000000025e+00 8.981001281700000050e+01 -2.899257867671471700e-03 -1.391860341491302222e-03 -4.347476511400430108e-03 9.999853781313947643e-01
6.873636000000000301e+00 -5.059120059999999697e-01 -1.412962317000000079e+00 9.118377685500000496e+01 -2.997420874496917794e-03 -1.911223163190700625e-03 -3.208362551619663768e-03 9.999885344862005088e-01
6.977758999999999823e+00 -5.269289609999999735e-01 -1.433261871000000021e+00 9.254793548600000008e+01 -2.702375167780671650e-03 -2.011990132730456793e-03 -2.587402834213449552e-03 9.999909771646604550e-01
7.081884999999999764e+00 -5.432786349999999542e-01 -1.446553111000000058e+00 9.390237426800000264e+01 -2.466412806708730057e-03 -1.968423865927215743e-03 -2.207846424279650329e-03 9.999925837372587445e-01
7.186012999999999984e+00 -5.617508890000000310e-01 -1.472214102999999996e+00 9.527610015899999496e+01 -2.323239083927844655e-03 -2.005224608998656954e-03 -2.155946417103248806e-03 9.999929667400025979e-01
7.290010999999999797e+00 -5.732030870000000000e-01 -1.493063926999999902e+00 9.663953399700000091e+01 -2.106893945934074867e-03 -1.987967720808336836e-03 -2.030036194278336727e-03 9.999937439480766077e-01
7.394135000000000346e+00 -5.777668360000000058e-01 -1.512905836000000059e+00 9.800537109399999736e+01 -1.755044695426627617e-03 -2.034316336817609816e-03 -2.476759045111826853e-03 9.999933234976079444e-01
7.498255999999999588e+00 -6.051728130000000316e-01 -1.531319856999999951e+00 9.934838104199999975e+01 -1.794572070738941535e-03 -1.693738528210197991e-03 -3.235701796654888874e-03 9.999917204631064704e-01
7.602386000000000088e+00 -6.101992729999999865e-01 -1.550063372000000106e+00 1.006900482180000012e+02 -2.554108323988731489e-03 -1.611132542340354412e-03 -3.559549250766753242e-03 9.999891051365166206e-01
7.706382999999999761e+00 -6.406553390000000459e-01 -1.569187522000000001e+00 1.020101242070000040e+02 -3.250696089266515588e-03 -1.355712217861793079e-03 -4.218868750535798191e-03 9.999848979688561457e-01
7.810510999999999981e+00 -6.287178399999999723e-01 -1.591124653999999916e+00 1.033864746090000040e+02 -2.450047359012988944e-03 -1.564031009224309265e-03 -4.068026338258106181e-03 9.999875010402137221e-01
7.914632000000000112e+00 -6.459807159999999548e-01 -1.605684518999999977e+00 1.047152633670000057e+02 -1.204421209293666606e-03 -1.386215060667050913e-03 -4.111474984157970775e-03 9.999898617240133847e-01
8.018762999999999863e+00 -6.496357919999999897e-01 -1.634525299000000098e+00 1.060596008299999937e+02 -7.062012524964145612e-04 -1.587834205036831037e-03 -3.737864511355307087e-03 9.999915041795222059e-01
8.122759999999999536e+00 -6.592105029999999477e-01 -1.654586791999999917e+00 1.073920669559999936e+02 -1.372194604072260503e-03 -1.492304268572830495e-03 -2.572590546579205106e-03 9.999946359295227571e-01
8.226883000000000834e+00 -6.725378039999999613e-01 -1.673591017999999986e+00 1.087409439089999950e+02 -2.291887677549417010e-03 -1.170612585789543303e-03 -1.581505711409338317e-03 9.999954378679596356e-01
8.331011000000000166e+00 -6.810263989999999490e-01 -1.693842411000000103e+00 1.100840606689999959e+02 -2.550015266029598618e-03 -7.410374778262784901e-04 -9.890559632259982806e-04 9.999959850188906429e-01
8.435138000000000247e+00 -6.879037620000000297e-01 -1.712224841000000053e+00 1.114239501950000033e+02 -1.898499507001299557e-03 -3.060973536210820356e-04 -5.248200336194727179e-04 9.999980132820089906e-01
8.539282000000000039e+00 -7.096291780000000271e-01 -1.732674241000000004e+00 1.127426528929999989e+02 -8.431023625141517057e-04 2.001478267165124336e-04 -1.588184326958953698e-03 9.999983633935592975e-01
8.643387000000000597e+00 -7.057358620000000471e-01 -1.748289108000000036e+00 1.140824203490000031e+02 4.903884699194235993e-04 6.850422383298804263e-04 -2.699102312271340828e-03 9.999960025335040692e-01
8.747509000000000867e+00 -7.215589879999999567e-01 -1.771265387999999996e+00 1.154044342039999975e+02 4.960902690940977283e-04 1.439605545817568277e-03 -4.465614194415355037e-03 9.999888697981517138e-01
8.851634999999999920e+00 -7.182626130000000497e-01 -1.792958974999999899e+00 1.167521972659999960e+02 -5.197409860807521891e-04 2.072033352308877419e-03 -4.723647045194660603e-03 9.999865617625505188e-01
8.955762999999999252e+00 -7.204217309999999541e-01 -1.811835526999999946e+00 1.180856170649999939e+02 -1.574930675001488074e-03 2.639361482277169380e-03 -4.845851057959169560e-03 9.999835354103879803e-01
9.059886000000000550e+00 -7.162091729999999767e-01 -1.833063005999999939e+00 1.194317398069999996e+02 -1.885772915042406182e-03 2.950342028251395909e-03 -4.564003725225600563e-03 9.999834544693350091e-01
9.164011999999999603e+00 -7.110032440000000342e-01 -1.852145195000000077e+00 1.207707672119999955e+02 -1.637088866853121270e-03 3.417342754745256173e-03 -4.926280085374639545e-03 9.999806865500244779e-01
9.268134999999999124e+00 -7.100794320000000104e-01 -1.873100041999999910e+00 1.221119079590000069e+02 -1.425646674305378926e-03 4.067751071495928628e-03 -5.579847226886357550e-03 9.999751428099126205e-01
9.372258999999999673e+00 -7.031241059999999710e-01 -1.886968374000000059e+00 1.234689025880000059e+02 -1.140186002278154725e-03 4.750967785987936232e-03 -6.770275469178906741e-03 9.999651452180965405e-01
9.476392000000000593e+00 -7.004440429999999607e-01 -1.907001018999999964e+00 1.248189544680000012e+02 -6.486554868046314794e-04 5.163792345349804691e-03 -6.955997000158172308e-03 9.999622635881852961e-01
9.580512999999999835e+00 -6.996861699999999962e-01 -1.927089690999999938e+00 1.261565780640000014e+02 -2.468974191783951649e-04 5.811720344756632350e-03 -7.526646762072274760e-03 9.999547552448646570e-01
9.684639999999999915e+00 -6.828427910000000045e-01 -1.950017094999999978e+00 1.274765396119999963e+02 -2.549907640146492583e-04 6.284716066707773940e-03 -6.982647492863323750e-03 9.999558390037337485e-01
9.788783999999999708e+00 -6.749917859999999825e-01 -1.966883420999999910e+00 1.288459625239999866e+02 -6.578380700430063333e-04 6.663464648680617053e-03 -7.044306808145152539e-03 9.999527704994580768e-01
9.892887999999999238e+00 -6.612321140000000375e-01 -1.988184928999999990e+00 1.301898803709999868e+02 -1.146910034365481931e-03 7.056014769844298762e-03 -6.046505242413030383e-03 9.999561675530057592e-01
9.997009999999999508e+00 -6.499331000000000413e-01 -2.005944728999999871e+00 1.315544433590000040e+02 -1.213453848912490838e-03 7.192725873175764839e-03 -5.857700833079109576e-03 9.999562388250897715e-01
1.010113999999999912e+01 -6.328854560000000129e-01 -2.022145987000000034e+00 1.329052124019999894e+02 -1.151990519369322594e-03 7.235086664462819783e-03 -4.722091211791175185e-03 9.999620134252040771e-01
1.020526000000000089e+01 -6.268645520000000193e-01 -2.049195765999999974e+00 1.342475891109999964e+02 -1.670005107927416800e-03 7.207403286078051252e-03 -4.153177211603853447e-03 9.999640071221864712e-01
1.030939000000000050e+01 -6.211063270000000136e-01 -2.061690569000000028e+00 1.355958709720000002e+02 -1.346979396508025733e-03 7.041662658216485404e-03 -3.397415893409001277e-03 9.999685286041556376e-01
1.041338999999999970e+01 -6.083645220000000187e-01 -2.086903094999999819e+00 1.369309387209999898e+02 -1.488781508168093761e-03 6.387333492058999695e-03 -2.654530676493070760e-03 9.999749691704138410e-01
1.051750999999999969e+01 -5.935962799999999762e-01 -2.103270053999999778e+00 1.382916564939999944e+02 -1.837632533596883543e-03 5.792535718155744640e-03 -1.979546421706310927e-03 9.999795753077106442e-01
1.062163999999999930e+01 -5.848252769999999767e-01 -2.120604992000000077e+00 1.396352539060000026e+02 -1.876880675476782839e-03 5.315529310914945960e-03 -1.204406273479770393e-03 9.999833857982854957e-01
1.072575999999999929e+01 -5.796767470000000477e-01 -2.142538308999999863e+00 1.409819946290000132e+02 -1.945055168347282083e-03 4.700617674349261144e-03 -1.019982223306495480e-03 9.999865402044849638e-01
1.082989000000000068e+01 -5.682450530000000555e-01 -2.163759946999999961e+00 1.423353424070000131e+02 -1.642107524717014485e-03 4.036415984399632784e-03 -7.519660980445666771e-04 9.999902226401342631e-01
1.093402000000000029e+01 -5.726822609999999703e-01 -2.181940317000000018e+00 1.436705932620000112e+02 -1.448890141876869831e-03 3.655937727825131489e-03 -7.914211190241591783e-04 9.999919542122822635e-01
1.103814000000000028e+01 -5.686427349999999548e-01 -2.207655668000000126e+00 1.450218811039999878e+02 -3.770100984916137333e-04 3.263171861734970314e-03 5.694419171663291698e-04 9.999944426389029140e-01
1.114226999999999990e+01 -5.448299650000000272e-01 -2.224599599999999899e+00 1.463752899170000035e+02 -6.979456303647535594e-05 2.444299284697470931e-03 3.188942239838617881e-03 9.999919255559599485e-01
1.124638999999999989e+01 -5.491990450000000523e-01 -2.239223957000000098e+00 1.477125701900000081e+02 -1.045402463663045855e-03 2.190760877842534704e-03 6.506462452993882171e-03 9.999758865326767721e-01
1.135051999999999950e+01 -5.308549999999999658e-01 -2.262392998000000155e+00 1.490753021239999896e+02 -1.835428890043743627e-03 1.186751508983285852e-03 1.017468107771379512e-02 9.999458478770798520e-01
1.145463999999999949e+01 -5.233876109999999748e-01 -2.280392169999999830e+00 1.504155578609999964e+02 -1.889966826891162073e-04 6.236103873367149220e-04 1.201557419291459684e-02 9.999275980625562665e-01
1.155878000000000050e+01 -5.152497889999999581e-01 -2.306829690999999904e+00 1.517830505370000083e+02 1.411728325218113188e-03 7.219356543209931587e-04 1.162092077046724022e-02 9.999312176507411110e-01
1.166301999999999950e+01 -5.282107000000000330e-01 -2.335304498999999812e+00 1.531137847900000111e+02 2.396943495263103435e-03 1.189957304834843299e-03 9.962945736741699726e-03 9.999467877720998876e-01
1.176716000000000051e+01 -5.287997719999999457e-01 -2.367172241000000010e+00 1.544646148680000124e+02 2.346318128732921039e-03 1.603994669670094630e-03 1.010917731715331620e-02 9.999448617430408692e-01
1.187125999999999948e+01 -5.305765869999999884e-01 -2.391109467000000155e+00 1.558126220700000033e+02 6.939451580360517582e-04 2.003179987340564239e-03 1.158809246358572832e-02 9.999306085039660896e-01
1.197539000000000087e+01 -5.195832849999999503e-01 -2.418241023999999850e+00 1.571748352049999937e+02 -7.856700177840277542e-04 2.221601673484729922e-03 1.425564819393548323e-02 9.998956064025877888e-01
1.207963999999999949e+01 -5.186515449999999916e-01 -2.438954353000000186e+00 1.585063171390000036e+02 -1.477685973606523160e-03 2.349187997251922511e-03 1.589953263578139722e-02 9.998697428274750942e-01
1.218377000000000088e+01 -4.998804629999999971e-01 -2.456482171999999853e+00 1.598911590579999995e+02 -1.283197535729909897e-03 2.200003729606492264e-03 1.678858649859223465e-02 9.998558179812990776e-01
1.228789000000000087e+01 -5.051572920000000355e-01 -2.477030993000000070e+00 1.612311859129999903e+02 -1.688807765399615284e-03 2.734434856378031853e-03 1.597474131300722841e-02 9.998672304032820701e-01
1.239202000000000048e+01 -4.937776030000000094e-01 -2.499977826999999930e+00 1.626063232420000020e+02 -1.356422022329380455e-03 3.177132405830951356e-03 1.401306405983534023e-02 9.998958445681371821e-01
1.249625999999999948e+01 -5.073050260000000478e-01 -2.510178327999999848e+00 1.639531860349999874e+02 -1.425683514758676613e-05 3.735618809215468517e-03 1.175233958482355470e-02 9.999239608405918744e-01
1.260039000000000087e+01 -5.261121389999999787e-01 -2.530563116000000168e+00 1.652694854739999926e+02 1.388095840833193542e-04 4.367231260263726433e-03 1.057219187964592716e-02 9.999345662501513132e-01
1.270452000000000048e+01 -5.072112079999999690e-01 -2.558068036999999961e+00 1.666765136719999987e+02 -4.002661620762357664e-04 4.337168772762578506e-03 9.446835279529056800e-03 9.999458915647572166e-01
1.280864000000000047e+01 -5.008482930000000000e-01 -2.583939791000000152e+00 1.680455169679999869e+02 -2.098273558368566661e-04 4.162311591964229507e-03 8.613972816891111300e-03 9.999542142553341506e-01
1.291278999999999932e+01 -4.954974650000000258e-01 -2.602380037000000090e+00 1.694016418459999898e+02 1.052507655917951949e-03 3.891217427046900212e-03 7.563860903409522045e-03 9.999632686568061812e-01
1.301689000000000007e+01 -4.991416040000000165e-01 -2.624141692999999886e+00 1.707502899170000035e+02 2.531568506287473416e-03 3.710814437245413266e-03 5.528254161764899893e-03 9.999746293896828453e-01
1.312114000000000047e+01 -5.070834760000000330e-01 -2.656158924000000088e+00 1.721289672849999874e+02 3.057127317101967275e-03 3.681159427469160583e-03 2.903268228016848973e-03 9.999843369130506643e-01
1.322527000000000008e+01 -5.182212000000000485e-01 -2.681103230000000170e+00 1.734767761230000076e+02 2.511910411558133938e-03 3.982539460298140099e-03 4.977075862621648016e-04 9.999887909235231076e-01
1.332939000000000007e+01 -5.161954760000000419e-01 -2.715449809999999964e+00 1.748802642820000131e+02 1.485037599486872285e-03 4.164213906672875609e-03 -6.713737110429846477e-04 9.999900015716194357e-01
1.343351999999999968e+01 -5.101591349999999858e-01 -2.739239216000000088e+00 1.762775421139999992e+02 3.694368703141049683e-04 4.106263687754463376e-03 -1.122449249667629642e-03 9.999908710696346903e-01
1.353763999999999967e+01 -5.016006830000000472e-01 -2.761470078999999966e+00 1.776643524170000035e+02 -1.329689255027426587e-04 3.666494468189895883e-03 6.461039896440536404e-04 9.999930608195309878e-01
1.364176999999999929e+01 -4.920366409999999968e-01 -2.785950898999999925e+00 1.790400695799999937e+02 -2.245174972425026307e-04 2.758331015666803943e-03 1.851490762687960220e-03 9.999944565765637172e-01
1.374591000000000030e+01 -4.927251939999999775e-01 -2.810729504000000212e+00 1.804286651609999979e+02 1.899359246280160531e-03 1.864362575235034569e-03 1.993894747164807850e-03 9.999944704699014197e-01
1.385002000000000066e+01 -4.864035549999999875e-01 -2.838235140000000101e+00 1.818294372560000056e+02 3.990209757322837891e-03 8.913576994347138793e-04 1.296299936073623017e-03 9.999908016147048828e-01
1.395415000000000028e+01 -5.004755850000000006e-01 -2.866619109999999804e+00 1.832219543459999898e+02 4.375801014825133652e-03 6.449020589170961770e-04 -1.257613063290574044e-03 9.999894273822080848e-01
1.405840000000000067e+01 -5.087882280000000090e-01 -2.897999763000000062e+00 1.846246643069999891e+02 3.956852184076060236e-03 5.654287884394593178e-04 -2.985359384854618155e-03 9.999875555427782947e-01
1.416252000000000066e+01 -5.239882470000000181e-01 -2.929228543999999879e+00 1.860191040040000132e+02 2.231021196903602063e-03 7.990570150788744996e-04 -4.120283827933324088e-03 9.999887035929372336e-01
1.426664000000000065e+01 -5.307301880000000471e-01 -2.958360671999999969e+00 1.874210357670000064e+02 1.154003261128391713e-03 9.477638356670814446e-04 -4.362998604100775356e-03 9.999893670751538455e-01
1.437077000000000027e+01 -5.308566689999999477e-01 -2.979962825999999954e+00 1.888375854489999881e+02 7.018969125328087871e-04 9.197460792039757749e-04 -4.029257851940889860e-03 9.999912132059145531e-01
1.447489000000000026e+01 -5.313074589999999819e-01 -3.002493143000000142e+00 1.902521667480000076e+02 4.866835019316741368e-04 8.861095254824036260e-04 -3.213212463819889193e-03 9.999943265912760726e-01
1.457901000000000025e+01 -5.410955549999999503e-01 -3.026197910000000046e+00 1.916718139650000126e+02 2.605346829684329841e-04 1.098910622039261931e-03 -1.989274683887813644e-03 9.999973836482551892e-01
1.468313999999999986e+01 -5.273414849999999987e-01 -3.048942326999999786e+00 1.930947265620000053e+02 2.533097016179675651e-04 1.070428841791537522e-03 -5.913182098558189938e-04 9.999992201792278212e-01
1.478729000000000049e+01 -5.354471800000000226e-01 -3.068699360000000098e+00 1.945170288090000099e+02 -2.370070546363759248e-04 1.293925901636572284e-03 9.123964213743449188e-04 9.999987185572727366e-01
1.489138999999999946e+01 -5.221198200000000123e-01 -3.094871759000000111e+00 1.959516448969999942e+02 -1.088567743188214232e-03 1.402131714384524663e-03 3.327062099016464287e-03 9.999928898270793454e-01
1.499552000000000085e+01 -5.184451340000000297e-01 -3.112730502999999871e+00 1.973906555179999884e+02 -1.053979940943257148e-03 1.513798167983471110e-03 4.649646169869965651e-03 9.999874890876813138e-01
1.509964000000000084e+01 -5.196234579999999825e-01 -3.139314650999999845e+00 1.988215637209999898e+02 1.140476185302373132e-03 1.696889661143674566e-03 3.582379922982342150e-03 9.999914931806350715e-01
1.520378999999999969e+01 -5.346956849999999761e-01 -3.162962913999999959e+00 2.002474365230000046e+02 3.701941908789323134e-03 1.944474521577643777e-03 -5.299271280022239429e-05 9.999912558801256068e-01
1.530802000000000085e+01 -5.494834180000000012e-01 -3.191234112000000067e+00 2.017121124269999939e+02 3.848048863537136075e-03 2.626460932104057733e-03 -4.950219656428751260e-03 9.999768945072025073e-01
1.541214000000000084e+01 -5.751686099999999691e-01 -3.217769383999999899e+00 2.031363372799999922e+02 2.116799406555315826e-03 3.287177602468216442e-03 -8.745396904488198647e-03 9.999541147756053627e-01
1.551627000000000045e+01 -5.705509189999999897e-01 -3.250728607000000103e+00 2.045912323000000015e+02 8.366213745420394846e-04 3.687980195346662882e-03 -9.132471927139094309e-03 9.999511472183301164e-01
1.562039000000000044e+01 -5.708471539999999678e-01 -3.270898342000000181e+00 2.060280456540000102e+02 6.476968832008646705e-04 3.417556166749768920e-03 -8.282888975664417716e-03 9.999596464602019674e-01
1.572452000000000005e+01 -5.569181439999999483e-01 -3.298982859000000101e+00 2.075108795170000064e+02 6.020146221991980878e-04 2.677095754106240122e-03 -6.405855964505858223e-03 9.999757175782222340e-01
1.582864000000000004e+01 -5.551860330000000232e-01 -3.318287611000000137e+00 2.089441833500000030e+02 1.017136354074977536e-03 2.423927797545633034e-03 -5.756116432340933377e-03 9.999799783652106866e-01
1.593265000000000065e+01 -5.547589059999999961e-01 -3.344343661999999995e+00 2.104054260249999970e+02 1.272836846748746052e-03 2.118319585645567216e-03 -5.938242697517317169e-03 9.999793147271396343e-01
1.603677000000000064e+01 -5.626551509999999645e-01 -3.371656895000000098e+00 2.118688659670000050e+02 1.098867206921672621e-03 2.188898241082037899e-03 -6.634449131831404896e-03 9.999749923373431049e-01
1.614089999999999847e+01 -5.668647289999999561e-01 -3.404136658000000093e+00 2.133227539060000026e+02 5.986294366039640732e-04 1.989934266958814923e-03 -6.871776865095822681e-03 9.999742299115144117e-01
1.624502000000000024e+01 -5.764750239999999470e-01 -3.423892974999999783e+00 2.147794342040000117e+02 1.029701993828253254e-03 2.012631275648324447e-03 -6.951814810371282835e-03 9.999732802930257902e-01
1.634913999999999845e+01 -5.719524620000000503e-01 -3.453532218999999959e+00 2.162612762450000048e+02 1.494272991066914131e-03 1.726403945134347140e-03 -6.630417738525836401e-03 9.999754118168399097e-01
1.645326999999999984e+01 -5.784193279999999548e-01 -3.476200819000000219e+00 2.177221069340000099e+02 1.720546291403586905e-03 1.600695038483590515e-03 -6.313119746677155718e-03 9.999773107500578018e-01
1.655739000000000161e+01 -5.849502680000000510e-01 -3.507557391999999830e+00 2.191905364989999896e+02 1.699518745713736977e-03 1.495226581835096269e-03 -6.362402479536764972e-03 9.999771976241206284e-01
1.666151999999999944e+01 -5.896566509999999761e-01 -3.532466411999999778e+00 2.206809997560000056e+02 1.908148138057022981e-03 1.340329458694999865e-03 -6.672208155106816932e-03 9.999750217510239292e-01
1.676565000000000083e+01 -5.951032040000000523e-01 -3.561338425000000196e+00 2.221628570560000071e+02 1.959327894604140190e-03 1.227312887115084017e-03 -6.677923239147096762e-03 9.999750297274878630e-01
1.686965000000000003e+01 -5.884318950000000381e-01 -3.591125010999999922e+00 2.236632690430000139e+02 2.119133987012249750e-03 8.326150277246924247e-04 -6.952512345878741548e-03 9.999732389396432941e-01
1.697376999999999825e+01 -5.992558000000000051e-01 -3.618649006000000057e+00 2.251426696780000043e+02 2.230485046474094037e-03 7.775269448179189524e-04 -6.949101195417142600e-03 9.999730648276899947e-01
1.707789000000000001e+01 -5.995700360000000284e-01 -3.647362471000000106e+00 2.266410217289999878e+02 2.228966794652711449e-03 4.828076807251724389e-04 -7.024544089887451402e-03 9.999727268201373809e-01
1.718203000000000102e+01 -6.075445409999999935e-01 -3.674316882999999923e+00 2.281307983400000126e+02 2.286377418301552278e-03 4.407211812469391532e-04 -6.561651985805080738e-03 9.999757611894197762e-01
1.728613999999999962e+01 -6.195290679999999606e-01 -3.708405733000000204e+00 2.296283874510000089e+02 2.340156347708182479e-03 5.386526494465249115e-04 -5.893018313310070463e-03 9.999797527233991179e-01
1.739027000000000100e+01 -6.368231770000000180e-01 -3.737818718000000207e+00 2.311240844730000106e+02 2.222666421029752606e-03 7.028846781469422211e-04 -5.274247915777803553e-03 9.999833738698022945e-01
1.749439999999999884e+01 -6.252161859999999516e-01 -3.770819663999999793e+00 2.326415252689999988e+02 1.800489551033946723e-03 6.161453745701095386e-04 -4.507359576567944275e-03 9.999880310843234366e-01
1.759842000000000084e+01 -6.355351209999999806e-01 -3.798709630999999920e+00 2.341535491939999929e+02 1.704475510242457661e-03 6.241575675087762676e-04 -4.746315481868493974e-03 9.999870887566063571e-01
1.770251999999999981e+01 -6.399725680000000194e-01 -3.836735009999999946e+00 2.356621093750000000e+02 1.799440519378238141e-03 6.026322190265664958e-04 -4.776050122894100712e-03 9.999867940095257257e-01
1.780664000000000158e+01 -6.453863979999999723e-01 -3.866932391999999830e+00 2.371709747310000012e+02 2.091619699285065040e-03 7.510782190833786842e-04 -5.061331697543310082e-03 9.999847218482841305e-01
1.791065000000000040e+01 -6.576610800000000090e-01 -3.896393537999999879e+00 2.386683959959999868e+02 1.736934521805728058e-03 1.149120347452070590e-03 -5.728516534550790254e-03 9.999814231670539622e-01
1.801476999999999862e+01 -6.608684059999999638e-01 -3.921970605999999915e+00 2.402079772950000063e+02 8.703240254649505800e-04 1.405759140292506260e-03 -5.838394944550333136e-03 9.999815895914294650e-01
1.811890000000000001e+01 -6.700904370000000387e-01 -3.947637080999999881e+00 2.417159576420000064e+02 6.047897563101443941e-04 1.818662867957843154e-03 -5.934373463984549298e-03 9.999805547640983061e-01
1.822302000000000177e+01 -6.602464909999999909e-01 -3.978329658999999907e+00 2.432434844969999972e+02 1.357649015010515018e-03 1.820961705662149654e-03 -5.790160247473603167e-03 9.999806572788929593e-01
1.832702000000000098e+01 -6.554901600000000439e-01 -4.005374908000000289e+00 2.447533416750000015e+02 2.075186594040637992e-03 1.966287241451092349e-03 -5.901657788705629709e-03 9.999784986440602985e-01
1.843114999999999881e+01 -6.601866480000000426e-01 -4.041831969999999608e+00 2.462704925539999863e+02 1.670925916114692107e-03 2.183487241670500900e-03 -5.976333967746252397e-03 9.999783616770685502e-01
1.853536000000000072e+01 -6.598410609999999510e-01 -4.072130679999999892e+00 2.477994689939999944e+02 1.177592900186854837e-03 2.051268842901299294e-03 -5.913109889681518287e-03 9.999797201456275264e-01
1.863942000000000121e+01 -6.665830019999999800e-01 -4.100383758999999628e+00 2.493349151609999979e+02 9.996564661625768813e-04 1.982050798337686714e-03 -6.126329049506983385e-03 9.999787699016218223e-01
1.874348000000000170e+01 -6.689145570000000207e-01 -4.135149478999999850e+00 2.508727569579999965e+02 8.932631715456774459e-04 1.921649096604416407e-03 -6.331529135891686595e-03 9.999777102938134377e-01
1.884753999999999863e+01 -6.772024039999999800e-01 -4.163690566999999731e+00 2.524010314939999944e+02 6.792494102023406699e-04 2.179815835470111374e-03 -6.997885238885137062e-03 9.999729079456831649e-01
1.895165000000000077e+01 -6.773926620000000343e-01 -4.183736801000000227e+00 2.539219360349999874e+02 9.796937768809170326e-04 2.155494970506044439e-03 -7.763730719668541710e-03 9.999670587208603356e-01
1.905564999999999998e+01 -6.833437679999999625e-01 -4.209894657000000429e+00 2.554695129389999977e+02 8.858554991840597104e-04 2.308949807105165064e-03 -7.885720224050228599e-03 9.999658491305445374e-01
1.915964999999999918e+01 -6.863821150000000149e-01 -4.244337082000000372e+00 2.570032348629999888e+02 6.483448246017919307e-04 2.232033861942706032e-03 -7.041046708010065963e-03 9.999725102896994677e-01
1.926377000000000095e+01 -6.857747440000000472e-01 -4.276608944000000356e+00 2.585299072270000238e+02 1.018239415107213190e-04 2.178589119454121814e-03 -6.186405603844936582e-03 9.999784856520856913e-01
1.936786999999999992e+01 -6.758056879999999600e-01 -4.293360232999999582e+00 2.600937500000000000e+02 -9.772892504477194621e-06 2.079363917539156503e-03 -4.970929860365106215e-03 9.999854828978828047e-01
1.947177999999999898e+01 -6.765821579999999891e-01 -4.324579715999999685e+00 2.616359558109999739e+02 2.666452714835278572e-04 1.994493727353052748e-03 -4.091695236577156530e-03 9.999896044085471170e-01
1.957590000000000074e+01 -6.784485580000000349e-01 -4.353503704000000418e+00 2.631835632319999831e+02 7.829335819578921206e-04 1.861592758527930158e-03 -3.655926409177032849e-03 9.999912778067104879e-01
1.967990999999999957e+01 -6.786563989999999658e-01 -4.381200790000000289e+00 2.647244262699999808e+02 -4.549377192891495349e-05 2.018015006798101751e-03 -2.798058393076648890e-03 9.999940481897766631e-01
1.978402000000000172e+01 -6.910707950000000155e-01 -4.397981643999999690e+00 2.662572021479999762e+02 -7.334485848124018895e-04 2.557529957913917684e-03 -2.003676117580408759e-03 9.999944531724683783e-01
1.988806999999999903e+01 -6.805770989999999632e-01 -4.422032833000000274e+00 2.678167724610000278e+02 -4.678896007128802419e-04 2.407828332368855406e-03 -1.380838977214427551e-03 9.999960383550338117e-01
1.999212999999999951e+01 -6.696000699999999917e-01 -4.444740294999999897e+00 2.693711547849999874e+02 1.601900746913166584e-04 2.430501512582172730e-03 -1.125943048485698655e-03 9.999963996204128680e-01
2.009615000000000151e+01 -6.741873619999999567e-01 -4.479043006999999577e+00 2.709180297849999874e+02 6.821811143756147935e-05 2.951397232962893469e-03 -1.394529184394794827e-03 9.999946699303035036e-01
2.020015000000000072e+01 -6.791678070000000123e-01 -4.511058807000000392e+00 2.724533081050000192e+02 -5.430969121959010825e-05 3.423600273790516901e-03 -2.125788286732397357e-03 9.999918784849120001e-01
2.030426999999999893e+01 -6.746166350000000200e-01 -4.532250881000000398e+00 2.740206603999999970e+02 2.860850033013232949e-04 3.856825681020636942e-03 -3.083123731362985044e-03 9.999877686247438113e-01
2.040827000000000169e+01 -6.758064030000000555e-01 -4.565650462999999881e+00 2.755659790039999848e+02 2.853158711194556650e-04 4.473530895547028763e-03 -3.753582571440815339e-03 9.999829082209653608e-01
2.051230999999999938e+01 -6.595753429999999806e-01 -4.585804461999999582e+00 2.771253356930000109e+02 5.942374628552147230e-04 4.755651743937328035e-03 -4.257555711449059060e-03 9.999794517277300621e-01
2.061639999999999873e+01 -6.493020649999999838e-01 -4.616637706999999757e+00 2.786659851069999831e+02 1.007447665849309790e-03 5.005206476298429408e-03 -4.675540085492360318e-03 9.999760358539793170e-01
2.072042000000000073e+01 -6.441559789999999897e-01 -4.638271808999999912e+00 2.802247619629999917e+02 1.215945600002500985e-03 5.633387775549780763e-03 -3.830440201758216964e-03 9.999760567865256800e-01
2.082451999999999970e+01 -6.273344760000000297e-01 -4.664539336999999897e+00 2.817833557129999917e+02 1.145604557796885874e-03 6.049357430700563754e-03 -3.757556304653145163e-03 9.999739864793936173e-01
2.092868999999999957e+01 -6.233081820000000439e-01 -4.688232421999999566e+00 2.833639831539999818e+02 6.730539184019331250e-04 6.388422933432780226e-03 -2.872422588446294639e-03 9.999752418131758747e-01
2.103277999999999892e+01 -6.076720359999999710e-01 -4.716938496000000036e+00 2.849158630370000083e+02 5.544099530537069821e-04 6.450100166234928878e-03 -2.397924131468661541e-03 9.999761691146993314e-01
2.113678000000000168e+01 -5.845602149999999941e-01 -4.759693623000000429e+00 2.864724426270000208e+02 1.580854247802350931e-03 6.232479490174025472e-03 -2.130860138928029716e-03 9.999770580039927248e-01
2.124088000000000065e+01 -5.687065719999999658e-01 -4.783477783000000372e+00 2.880216369629999917e+02 2.823952758650907953e-03 6.315197175682851771e-03 -1.616243031461905844e-03 9.999747653485623333e-01
2.134491999999999834e+01 -5.519873499999999877e-01 -4.815813065000000393e+00 2.895788879390000261e+02 2.895810665884882354e-03 5.849529932766106555e-03 -1.598872600231160662e-03 9.999774201883565583e-01
2.144889999999999830e+01 -5.395327210000000484e-01 -4.849797726000000253e+00 2.911576232909999931e+02 2.779933975478043016e-03 5.378070018626335269e-03 -8.611573367850925255e-04 9.999813031942189623e-01
2.155290000000000106e+01 -5.318058730000000400e-01 -4.884679316999999799e+00 2.927198791499999970e+02 3.087194991669970235e-03 4.834804346216858839e-03 -8.010334319152056810e-04 9.999832259790457645e-01
2.165701999999999927e+01 -5.233550670000000071e-01 -4.919815062999999711e+00 2.942903137210000182e+02 3.219060891709197951e-03 4.535327374515896182e-03 -9.222901558309700700e-04 9.999841087904596248e-01
2.176101999999999848e+01 -5.128297210000000161e-01 -4.957158566000000377e+00 2.958712768550000192e+02 2.932040944372081310e-03 4.086443377132709109e-03 -8.471762687676928291e-04 9.999869931198087647e-01
2.186503000000000085e+01 -5.077503319999999709e-01 -4.996461867999999917e+00 2.974492187500000000e+02 2.876203365015733704e-03 3.658406084637189082e-03 -7.054540636418491677e-04 9.999889228654919027e-01
2.196914999999999907e+01 -5.005558730000000400e-01 -5.030209064000000119e+00 2.990296020509999835e+02 2.122110623406512145e-03 3.117363335762401988e-03 -5.016556443147498221e-04 9.999927634907911367e-01
2.207317000000000107e+01 -4.991104900000000177e-01 -5.060313702000000191e+00 3.006270446780000043e+02 1.529422535697855983e-03 2.766109070560407446e-03 -1.352220994184811630e-03 9.999940904853887869e-01
2.217715000000000103e+01 -4.998745920000000065e-01 -5.086649894999999866e+00 3.022121276859999739e+02 1.516868951137397351e-03 3.163724375074949968e-03 -1.465096335382163597e-03 9.999927716985718140e-01
2.228115000000000023e+01 -4.895825979999999800e-01 -5.119246959999999902e+00 3.038128051759999835e+02 1.553513866232289313e-03 3.538478568163250237e-03 -1.708336251267003484e-03 9.999910736358312846e-01
2.238526999999999845e+01 -4.846922160000000090e-01 -5.145106791999999984e+00 3.054154663090000099e+02 1.733852563365527975e-03 3.702797792976442182e-03 -9.859969646412289259e-04 9.999911553877756099e-01
2.248927000000000120e+01 -4.771594699999999745e-01 -5.178355694000000398e+00 3.070021057129999917e+02 2.162664393734952100e-03 3.799795822626461650e-03 -6.708489112127895065e-05 9.999904399213241923e-01
2.259328000000000003e+01 -4.624738990000000216e-01 -5.208833217999999654e+00 3.086123657229999822e+02 3.211291659606018908e-03 3.921798924153230281e-03 6.464529360447560796e-04 9.999869445136158053e-01
2.269742000000000104e+01 -4.592397810000000136e-01 -5.242001057000000408e+00 3.102227172849999874e+02 3.704613798771379165e-03 3.865394819101086732e-03 8.632649475788920683e-04 9.999852945584375430e-01
2.280140000000000100e+01 -4.618078469999999935e-01 -5.280366897999999587e+00 3.118369140620000053e+02 4.164976828566009127e-03 2.870437891349553183e-03 3.456041871365294780e-04 9.999871469734378238e-01
2.290540000000000020e+01 -4.630150789999999961e-01 -5.309251308000000336e+00 3.134584350590000099e+02 3.890411476323049882e-03 1.752592720552503813e-03 -2.042701096838450085e-04 9.999908756538847809e-01
2.300939999999999941e+01 -4.538195130000000077e-01 -5.351450920000000444e+00 3.151013183590000040e+02 2.126676388181415484e-03 1.483917574257365146e-03 -6.417213034221574530e-04 9.999964317086039722e-01
2.311348999999999876e+01 -4.516848330000000078e-01 -5.374570369999999819e+00 3.167399902340000040e+02 7.413011556901609412e-04 1.619481045584736378e-03 3.986956246374397713e-05 9.999984130808194926e-01
2.321742000000000061e+01 -4.515993600000000052e-01 -5.406590461999999597e+00 3.183556823729999792e+02 3.178142799332058779e-04 1.734320415505585800e-03 5.188596203378274254e-04 9.999983109543109094e-01
2.332140000000000057e+01 -4.462965729999999742e-01 -5.432111263000000356e+00 3.199856567379999888e+02 9.421130544492570171e-04 1.673438884220890266e-03 1.099339446510889636e-03 9.999975517360402133e-01
2.342539999999999978e+01 -4.424937369999999981e-01 -5.464056492000000098e+00 3.216140136719999987e+02 8.679265634831794798e-04 1.922567743131153861e-03 1.612899942292410653e-03 9.999964744890502688e-01
2.352955000000000041e+01 -4.486283660000000006e-01 -5.491472243999999669e+00 3.232339782710000122e+02 7.931741244245340498e-04 2.024761311391953811e-03 1.581085693864826575e-03 9.999963856857030375e-01
2.363354999999999961e+01 -4.468871360000000181e-01 -5.525635241999999892e+00 3.248440246580000235e+02 8.797046500378772910e-04 2.439486642662691551e-03 1.244338163080038837e-03 9.999958633150365372e-01
2.373752999999999957e+01 -4.483205679999999749e-01 -5.558371543999999886e+00 3.264578552250000030e+02 1.294549525655885229e-03 2.454458758673561114e-03 6.838997982900899214e-04 9.999959160190575735e-01
2.384166000000000096e+01 -4.499980809999999942e-01 -5.593245983000000088e+00 3.280914611819999891e+02 1.633442484687172265e-03 3.036838515624640245e-03 -3.390019958343429850e-06 9.999940547153204351e-01
2.394565000000000055e+01 -4.478446839999999929e-01 -5.628122806999999561e+00 3.297113952639999752e+02 6.294377801929510949e-04 3.344222587285283765e-03 6.412718413698595323e-04 9.999940043589227168e-01
2.404964999999999975e+01 -4.394767279999999832e-01 -5.651776314000000134e+00 3.313262939449999749e+02 2.650110279693684129e-04 3.442510919774210976e-03 1.232926534639329193e-03 9.999932793673578235e-01
2.415367000000000175e+01 -4.288775320000000058e-01 -5.677667618000000083e+00 3.329485168460000182e+02 9.329588693274950889e-04 3.196094733139864807e-03 1.902506245331669465e-03 9.999926474910659779e-01
2.425778000000000034e+01 -4.224467579999999778e-01 -5.711464881999999577e+00 3.345844116210000152e+02 9.344383936751028252e-04 3.278633237837613734e-03 1.009109618294591962e-03 9.999936795234047882e-01
2.436177999999999955e+01 -4.252178970000000113e-01 -5.745174407999999566e+00 3.361920166020000238e+02 1.884418128873317083e-03 2.999778679087294897e-03 2.157716141880190925e-04 9.999937018495682617e-01
2.446577999999999875e+01 -4.245658520000000213e-01 -5.778276443000000206e+00 3.378002929689999974e+02 3.474085589294142584e-03 2.879691556478269909e-03 -8.458806589195621683e-04 9.999894612403511518e-01
2.456978000000000151e+01 -4.250079390000000013e-01 -5.812779426999999721e+00 3.394096679689999974e+02 3.242787318841559505e-03 2.513222879171661539e-03 -1.462248400583778581e-03 9.999905148904063568e-01
2.467389999999999972e+01 -4.383329149999999896e-01 -5.847440243000000315e+00 3.409878845210000122e+02 1.588991059582925067e-03 2.116031032441845205e-03 -2.092787667993437507e-03 9.999943088637354149e-01
2.477789999999999893e+01 -4.281290469999999848e-01 -5.884166240999999964e+00 3.426195678710000152e+02 -1.393280002774529585e-05 1.441840344281852815e-03 -2.234855658154915117e-03 9.999964631549883576e-01
2.488203000000000031e+01 -4.328072969999999797e-01 -5.910648346000000330e+00 3.442324218750000000e+02 7.163951807906181407e-04 8.254236358031796783e-04 -2.646068097004239828e-03 9.999959018802989652e-01
2.498601999999999990e+01 -4.404541550000000139e-01 -5.941847800999999762e+00 3.458219299319999891e+02 1.516091888568920926e-03 -1.243412310680813704e-04 -2.325516009048350305e-03 9.999961389825138269e-01
2.509017000000000053e+01 -4.400338830000000145e-01 -5.970417023000000434e+00 3.474242858889999752e+02 8.706870020889413047e-04 -1.102999023655959476e-03 -1.624628229379449602e-03 9.999976929375455903e-01
2.519415000000000049e+01 -4.454424379999999961e-01 -6.002913952000000108e+00 3.490346069340000099e+02 5.989439545690197503e-04 -1.680047645193138983e-03 -9.170205892440272139e-04 9.999979888876218137e-01
2.529827999999999832e+01 -4.627177720000000272e-01 -6.031539916999999917e+00 3.506210327150000126e+02 1.037206320778587655e-03 -1.788342671556919505e-03 -8.459378489769465255e-04 9.999975052082341609e-01
2.540240000000000009e+01 -4.681779440000000125e-01 -6.063048363000000052e+00 3.522237853999999970e+02 1.471652335153508621e-03 -2.079471556201140103e-03 -2.674261228754494773e-04 9.999967192549783501e-01
2.550653000000000148e+01 -4.859541359999999810e-01 -6.093608856000000351e+00 3.538327941890000261e+02 1.635347668861898045e-03 -2.021193486299477371e-03 -3.888443443196246845e-04 9.999965446015142145e-01
2.561054000000000030e+01 -5.032436249999999722e-01 -6.123608112000000325e+00 3.554217224120000083e+02 1.778362132046864674e-03 -1.851333629192430941e-03 -1.433542258038358582e-04 9.999966947152805208e-01
2.571464999999999890e+01 -5.176550749999999645e-01 -6.164451122000000005e+00 3.570204467770000178e+02 1.910680429605346193e-03 -1.898867359240941077e-03 5.839121254384830218e-05 9.999963700901687291e-01
2.581865000000000165e+01 -5.345968009999999548e-01 -6.189802170000000103e+00 3.586286926270000208e+02 2.427444781935760021e-03 -1.895163765150753576e-03 2.106312521818673174e-04 9.999952357389554347e-01
2.592277999999999949e+01 -5.335972909999999736e-01 -6.233002662999999721e+00 3.602400817870000083e+02 2.125980025520644162e-03 -2.086973815597970017e-03 5.537812858539703119e-04 9.999954090272170637e-01
2.602697999999999823e+01 -5.429167150000000497e-01 -6.267419815000000227e+00 3.618414916990000165e+02 2.543499082503108358e-03 -2.099154636952316189e-03 4.682058390146011427e-04 9.999944524573722848e-01
2.613090000000000046e+01 -5.529792310000000155e-01 -6.304562092000000284e+00 3.634296264650000126e+02 3.202725435765709557e-03 -2.149958001736784752e-03 1.273578290107628928e-03 9.999917490803171827e-01
2.623505000000000109e+01 -5.639680620000000477e-01 -6.339972019000000181e+00 3.650309753419999765e+02 2.278194540391786753e-03 -2.160341944741572817e-03 1.996801551757448629e-03 9.999930777439816065e-01
2.633915000000000006e+01 -5.726665260000000091e-01 -6.371349812000000057e+00 3.666304016110000248e+02 1.906549556184502104e-03 -2.278007471959386798e-03 2.878502363334692424e-03 9.999914449508516823e-01
2.644329000000000107e+01 -5.925284619999999780e-01 -6.401258469000000062e+00 3.682235717770000178e+02 2.437120379343062256e-03 -1.995409547864146482e-03 3.145820169423626297e-03 9.999900912511359152e-01
2.654779999999999873e+01 -6.160319450000000252e-01 -6.432223796999999799e+00 3.698337097169999765e+02 2.816453565678539179e-03 -1.588964816709670380e-03 2.509157738407033142e-03 9.999916234187005148e-01
2.665140999999999849e+01 -6.309460999999999542e-01 -6.476638316999999923e+00 3.714146728520000238e+02 2.164023276882119824e-03 -1.561824943853817871e-03 1.996890617494563591e-03 9.999944450515534378e-01
2.675793000000000177e+01 -6.510795950000000110e-01 -6.508515358000000361e+00 3.730141296389999752e+02 1.790039630047279753e-03 -1.277240437184801181e-03 1.317523088130367935e-03 9.999967142685528554e-01
2.686258000000000123e+01 -6.571571830000000336e-01 -6.545687198999999623e+00 3.746145629879999888e+02 1.826663571941325968e-03 -1.171993820586192392e-03 1.187606859396949342e-03 9.999969396556305234e-01
2.696366000000000085e+01 -6.769129630000000342e-01 -6.572500229000000083e+00 3.762082519530000013e+02 2.340772793455031357e-03 -9.756469127544242781e-04 1.041678645674077013e-03 9.999962418936535480e-01
2.706782000000000110e+01 -6.858586669999999774e-01 -6.614308356999999639e+00 3.778074951169999736e+02 2.237597644081471340e-03 -8.761231955353165901e-04 1.220509443190465493e-03 9.999963679542186457e-01
2.717192000000000007e+01 -6.873950359999999593e-01 -6.655487060999999649e+00 3.794302368159999901e+02 2.088845924717445610e-03 -9.041636047165679813e-04 1.301482953890274567e-03 9.999965626705921151e-01
2.727606000000000108e+01 -7.053449750000000407e-01 -6.678071498999999633e+00 3.810345764159999931e+02 2.329828804809777783e-03 -6.160905562381246980e-04 1.599872185423730257e-04 9.999970833628748501e-01
2.738014000000000081e+01 -7.168287629999999799e-01 -6.713118075999999768e+00 3.826400451659999931e+02 1.837223457744987772e-03 -3.863369798057236792e-04 -5.151372246409393523e-04 9.999981049918768017e-01
2.748470000000000013e+01 -7.379138469999999561e-01 -6.744239806999999587e+00 3.842866821289999848e+02 2.502874051388691030e-03 -5.374599800944679373e-05 -1.722680982162896456e-03 9.999953825408818275e-01
2.758840999999999966e+01 -7.543800470000000535e-01 -6.777998446999999871e+00 3.858968811039999878e+02 2.795552865682452565e-03 2.384738328118363171e-04 -2.332344009765717398e-03 9.999933440707623467e-01
2.769253000000000142e+01 -7.489827869999999832e-01 -6.805637360000000413e+00 3.875284423830000264e+02 2.893918543997307368e-03 1.351939613198904766e-04 -2.404216321114936543e-03 9.999929133258566027e-01
2.779654000000000025e+01 -7.585600609999999522e-01 -6.843186854999999902e+00 3.891425476069999831e+02 2.362962281877725289e-03 1.853718563707973388e-04 -2.999991884100820794e-03 9.999926910209018249e-01
2.790067000000000164e+01 -7.609336380000000233e-01 -6.879269599999999762e+00 3.908017578120000053e+02 2.183406398021219864e-03 2.632385642242773827e-04 -3.296894166892661016e-03 9.999921469345706138e-01
2.800523000000000096e+01 -7.716459629999999903e-01 -6.915505886000000046e+00 3.924153137210000182e+02 2.379381858685335801e-03 4.506291155678132654e-04 -3.822419349371012666e-03 9.999897622404382291e-01
2.810894000000000048e+01 -7.607290740000000051e-01 -6.948171615999999773e+00 3.940770263669999736e+02 2.275942369694310304e-03 2.406681482881589673e-04 -3.827788814056437214e-03 9.999900550495328666e-01
